DIN_read+='DIN1,106353,106353,106353,106353,0,0,';
DIN_read+='DIN2,106353,106353,106353,106353,0,0,';
DIN_read+='DIN3,106353,106353,106353,106353,0,0,';
DIN_read+='DIN4,106353,106353,106353,106353,0,0,';
DIN_read+='DIN5,103862,103862,103859,103859,0,0,';
DIN_read+='DIN6,0,0,14,0,0,0,';
DIN_read+='DIN7,0,0,11,0,0,0,';
DIN_read+='DIN8,0,0,0,0,0,0,';
DIN_read+='DIN9,0,0,7,0,0,0,';
DIN_read+='DIN10,0,0,0,0,0,0,';
DIN_read+='DIN11,0,0,2,0,0,0,';
DIN_read+='DIN12,0,0,1,0,0,0,';
DIN_read+='DIN13,0,0,0,0,0,0,';
DIN_read+='DIN14,0,0,0,0,0,0,';
DIN_read+='DIN15,0,0,0,0,0,0,';
DIN_read+='DIN16,0,0,1,0,0,0,';
